{
 "cells": [
  {
   "cell_type": "code",
   "execution_count": 1,
   "id": "0a832415",
   "metadata": {},
   "outputs": [],
   "source": [
    "import matplotlib.pyplot as plt\n",
    "import numpy as np\n",
    "import qutip as qt\n",
    "import scqubits as scq\n",
    "\n",
    "import floquet as ft"
   ]
  },
  {
   "cell_type": "markdown",
   "id": "59a91b42",
   "metadata": {},
   "source": [
    "### Run for a transmon"
   ]
  },
  {
   "cell_type": "code",
   "execution_count": 2,
   "id": "b3efd8db",
   "metadata": {},
   "outputs": [],
   "source": [
    "filepath = ft.generate_file_path(\"h5py\", \"transmon_floquet\", \"out\")\n",
    "\n",
    "# Transmon parameters\n",
    "num_states = 20\n",
    "# These parameters give a transmon with E10 = 5.45 GHz, alpha = -219 MHz\n",
    "qubit_params = {\"EJ\": 20.0, \"EC\": 0.2, \"ng\": 0.25, \"ncut\": 41}\n",
    "tmon = scq.Transmon(**qubit_params, truncated_dim=num_states)\n",
    "state_indices = [0, 1]  # get data for ground and first excited states\n",
    "\n",
    "\n",
    "# Express operators in eigenbasis of transmon\n",
    "def get_H0_H1(qubit_instance):\n",
    "    hilbert_space = scq.HilbertSpace([qubit_instance])\n",
    "    hilbert_space.generate_lookup()\n",
    "    evals = hilbert_space[\"evals\"][0][0:num_states]\n",
    "    H0 = 2.0 * np.pi * qt.Qobj(np.diag(evals - evals[0]))\n",
    "    H1 = hilbert_space.op_in_dressed_eigenbasis(qubit_instance.n_operator)\n",
    "    return H0, H1\n",
    "\n",
    "\n",
    "H0, H1 = get_H0_H1(tmon)\n",
    "\n",
    "# Drive parameters\n",
    "# Drive frequencies to scan over\n",
    "omega_d_values = 2.0 * np.pi * np.linspace(7.5, 10.0, 120)\n",
    "# Induced ac stark shifts to scan over\n",
    "chi_ac_values = 2.0 * np.pi * np.linspace(0.0, 0.1, 59)\n",
    "# To achieve same range of chi_ac for the various drive frequencies, need different\n",
    "# drive amplitudes. This utility computes the linear drive strength required to achieve\n",
    "# a desired induced ac-Stark shift for the various drive frequencies.\n",
    "chi_to_amp = ft.ChiacToAmp(H0, H1, state_indices, omega_d_values)\n",
    "# drive_amplitudes has shape (a,w), where a is amplitude and w is frequency\n",
    "drive_amplitudes = chi_to_amp.amplitudes_for_omega_d(chi_ac_values)\n",
    "\n",
    "# initialize the model to pass to FloquetAnalysis\n",
    "model = ft.Model(\n",
    "    H0, H1, omega_d_values=omega_d_values, drive_amplitudes=drive_amplitudes\n",
    ")\n",
    "\n",
    "options = ft.Options(\n",
    "    fit_range_fraction=0.5,  # split the fit into segments based on this fraction\n",
    "    floquet_sampling_time_fraction=0.0,  # fraction of the period to compute the Floquet modes  # noqa E501\n",
    "    fit_cutoff=4,  # polynomial cutoff\n",
    "    overlap_cutoff=0.9,  # cutoff for excluding from the fit\n",
    "    nsteps=30_000,  # qutip integration parameter\n",
    "    num_cpus=6,  # number of cpus to use to compute Floquet modes in parallel\n",
    "    save_floquet_modes=True,  # whether or not to save floquet modes themselves\n",
    ")"
   ]
  },
  {
   "cell_type": "code",
   "execution_count": 3,
   "id": "33043257",
   "metadata": {},
   "outputs": [
    {
     "name": "stdout",
     "output_type": "stream",
     "text": [
      "Running floquet simulation with parameters: \n",
      "model: H0: Quantum object: dims=[[20], [20]], shape=(20, 20), type='oper', dtype=Dense, isherm=True\n",
      "Qobj data =\n",
      "[[  0.           0.           0.           0.           0.\n",
      "    0.           0.           0.           0.           0.\n",
      "    0.           0.           0.           0.           0.\n",
      "    0.           0.           0.           0.           0.        ]\n",
      " [  0.          34.23724704   0.           0.           0.\n",
      "    0.           0.           0.           0.           0.\n",
      "    0.           0.           0.           0.           0.\n",
      "    0.           0.           0.           0.           0.        ]\n",
      " [  0.           0.          67.09785619   0.           0.\n",
      "    0.           0.           0.           0.           0.\n",
      "    0.           0.           0.           0.           0.\n",
      "    0.           0.           0.           0.           0.        ]\n",
      " [  0.           0.           0.          98.47961089   0.\n",
      "    0.           0.           0.           0.           0.\n",
      "    0.           0.           0.           0.           0.\n",
      "    0.           0.           0.           0.           0.        ]\n",
      " [  0.           0.           0.           0.         128.25003724\n",
      "    0.           0.           0.           0.           0.\n",
      "    0.           0.           0.           0.           0.\n",
      "    0.           0.           0.           0.           0.        ]\n",
      " [  0.           0.           0.           0.           0.\n",
      "  156.22750407   0.           0.           0.           0.\n",
      "    0.           0.           0.           0.           0.\n",
      "    0.           0.           0.           0.           0.        ]\n",
      " [  0.           0.           0.           0.           0.\n",
      "    0.         182.13850375   0.           0.           0.\n",
      "    0.           0.           0.           0.           0.\n",
      "    0.           0.           0.           0.           0.        ]\n",
      " [  0.           0.           0.           0.           0.\n",
      "    0.           0.         205.48208586   0.           0.\n",
      "    0.           0.           0.           0.           0.\n",
      "    0.           0.           0.           0.           0.        ]\n",
      " [  0.           0.           0.           0.           0.\n",
      "    0.           0.           0.         225.20183516   0.\n",
      "    0.           0.           0.           0.           0.\n",
      "    0.           0.           0.           0.           0.        ]\n",
      " [  0.           0.           0.           0.           0.\n",
      "    0.           0.           0.           0.         242.25351923\n",
      "    0.           0.           0.           0.           0.\n",
      "    0.           0.           0.           0.           0.        ]\n",
      " [  0.           0.           0.           0.           0.\n",
      "    0.           0.           0.           0.           0.\n",
      "  262.47586566   0.           0.           0.           0.\n",
      "    0.           0.           0.           0.           0.        ]\n",
      " [  0.           0.           0.           0.           0.\n",
      "    0.           0.           0.           0.           0.\n",
      "    0.         287.04537981   0.           0.           0.\n",
      "    0.           0.           0.           0.           0.        ]\n",
      " [  0.           0.           0.           0.           0.\n",
      "    0.           0.           0.           0.           0.\n",
      "    0.           0.         315.06068744   0.           0.\n",
      "    0.           0.           0.           0.           0.        ]\n",
      " [  0.           0.           0.           0.           0.\n",
      "    0.           0.           0.           0.           0.\n",
      "    0.           0.           0.         346.13087396   0.\n",
      "    0.           0.           0.           0.           0.        ]\n",
      " [  0.           0.           0.           0.           0.\n",
      "    0.           0.           0.           0.           0.\n",
      "    0.           0.           0.           0.         380.07263397\n",
      "    0.           0.           0.           0.           0.        ]\n",
      " [  0.           0.           0.           0.           0.\n",
      "    0.           0.           0.           0.           0.\n",
      "    0.           0.           0.           0.           0.\n",
      "  416.78049749   0.           0.           0.           0.        ]\n",
      " [  0.           0.           0.           0.           0.\n",
      "    0.           0.           0.           0.           0.\n",
      "    0.           0.           0.           0.           0.\n",
      "    0.         456.18745091   0.           0.           0.        ]\n",
      " [  0.           0.           0.           0.           0.\n",
      "    0.           0.           0.           0.           0.\n",
      "    0.           0.           0.           0.           0.\n",
      "    0.           0.         498.24831205   0.           0.        ]\n",
      " [  0.           0.           0.           0.           0.\n",
      "    0.           0.           0.           0.           0.\n",
      "    0.           0.           0.           0.           0.\n",
      "    0.           0.           0.         542.93133281   0.        ]\n",
      " [  0.           0.           0.           0.           0.\n",
      "    0.           0.           0.           0.           0.\n",
      "    0.           0.           0.           0.           0.\n",
      "    0.           0.           0.           0.         590.21349905]]\n",
      "H1: Quantum object: dims=[[20], [20]], shape=(20, 20), type='oper', dtype=CSR, isherm=True\n",
      "Qobj data =\n",
      "[[ 2.50000000e-01  1.30478755e+00 -6.68334662e-09  3.17222270e-02\n",
      "  -1.64984006e-07  1.61075693e-03 -2.07812079e-06 -1.43721227e-04\n",
      "   1.16018937e-05  2.13132384e-05 -7.99948826e-06 -3.18805473e-06\n",
      "   1.04639272e-06 -3.10309538e-07  8.39730634e-08 -2.09701869e-08\n",
      "   4.86970014e-09 -1.05788021e-09 -2.16029041e-10  4.16382826e-11]\n",
      " [ 1.30478755e+00  2.50000010e-01  1.80742562e+00  3.69773627e-07\n",
      "   6.71662233e-02  6.42561273e-06  4.56400223e-03 -5.78531553e-05\n",
      "  -5.27290640e-04  1.36992485e-04  8.80028474e-05 -3.20034041e-05\n",
      "  -1.06211468e-05 -3.14638730e-06 -8.51517057e-07 -2.12644048e-07\n",
      "  -4.93802504e-08 -1.07272291e-08  2.19060059e-09  4.22224930e-10]\n",
      " [-6.68334659e-09  1.80742562e+00  2.49999530e-01  2.16241211e+00\n",
      "  -1.16060998e-05  1.13301038e-01 -1.46189185e-04 -1.01103216e-02\n",
      "   8.16156310e-04  1.49931842e-03 -5.62738565e-04 -2.24269498e-04\n",
      "   7.36104011e-05 -2.18292878e-05  5.90723804e-06 -1.47518587e-06\n",
      "   3.42567922e-07 -7.44185041e-08 -1.51969562e-08  2.92912059e-09]\n",
      " [ 3.17222270e-02  3.69773627e-07  2.16241211e+00  2.50013997e-01\n",
      "   2.43026270e+00  2.43219743e-04  1.72711829e-01 -2.18983477e-03\n",
      "  -1.99586933e-02  5.18538893e-03  3.33104470e-03 -1.21138153e-03\n",
      "  -4.02026972e-04 -1.19095940e-04 -3.22312486e-05 -8.04892737e-06\n",
      "  -1.86911949e-06 -4.06043285e-07  8.29176487e-08  1.59819088e-08]\n",
      " [-1.64984006e-07  6.71662233e-02 -1.16060998e-05  2.43026270e+00\n",
      "   2.49713494e-01  2.63063767e+00 -3.60880279e-03 -2.49425482e-01\n",
      "   2.01476133e-02  3.70104777e-02 -1.38919909e-02 -5.53614116e-03\n",
      "   1.81717950e-03 -5.38860835e-04  1.45828741e-04 -3.64152921e-05\n",
      "   8.45678617e-06 -1.83703736e-06 -3.75158912e-07  7.23059948e-08]\n",
      " [ 1.61075693e-03  6.42561273e-06  1.13301038e-01  2.43219743e-04\n",
      "   2.63063767e+00  2.54226467e-01  2.76628941e+00 -3.80536855e-02\n",
      "  -3.46216593e-01  9.01297038e-02  5.78594502e-02 -2.10585389e-02\n",
      "  -6.98334213e-03 -2.07036036e-03 -5.59867716e-04 -1.39922323e-04\n",
      "  -3.24672394e-05 -7.05864487e-06  1.44030767e-06  2.77829047e-07]\n",
      " [-2.07812079e-06  4.56400223e-03 -1.46189185e-04  1.72711829e-01\n",
      "  -3.60880279e-03  2.76628941e+00  2.04542944e-01 -2.81615764e+00\n",
      "   2.54037460e-01  4.62827007e-01 -1.75725879e-01 -6.94106631e-02\n",
      "   2.29944935e-02 -6.75640428e-03  1.84531749e-03 -4.56586389e-04\n",
      "   1.07012209e-04 -2.30333525e-05 -4.74726253e-06  9.06595313e-07]\n",
      " [-1.43721227e-04 -5.78531553e-05 -1.01103216e-02 -2.18983477e-03\n",
      "  -2.49425482e-01 -3.80536855e-02 -2.81615764e+00  5.93152653e-01\n",
      "   2.65099921e+00 -8.32223252e-01 -4.99643412e-01  1.97279990e-01\n",
      "   6.04956096e-02  1.94033973e-02  4.85022592e-03  1.31135485e-03\n",
      "   2.81269080e-04  6.61537636e-05 -1.24776243e-05 -2.60381949e-06]\n",
      " [ 1.16018937e-05 -5.27290640e-04  8.16156310e-04 -1.99586933e-02\n",
      "   2.01476133e-02 -3.46216593e-01  2.54037460e-01  2.65099921e+00\n",
      "  -1.24102292e+00 -1.92510513e+00  1.22979930e+00  3.17713172e-01\n",
      "  -1.64435461e-01  3.09813813e-02 -1.31996456e-02  2.09369846e-03\n",
      "  -7.65464670e-04  1.05620532e-04  3.39574501e-05 -4.15723586e-06]\n",
      " [ 2.13132384e-05  1.36992485e-04  1.49931842e-03  5.18538893e-03\n",
      "   3.70104777e-02  9.01297038e-02  4.62827007e-01 -8.32223252e-01\n",
      "  -1.92510513e+00  3.46132081e+00  7.31230736e-01 -1.20480871e+00\n",
      "  -9.11245421e-02 -1.20491448e-01 -7.30838786e-03 -8.14434036e-03\n",
      "  -4.23820940e-04 -4.10856790e-04  1.88014925e-05  1.61713689e-05]\n",
      " [-7.99948826e-06  8.80028474e-05 -5.62738565e-04  3.33104470e-03\n",
      "  -1.38919909e-02  5.78594502e-02 -1.75725879e-01 -4.99643412e-01\n",
      "   1.22979930e+00  7.31230736e-01 -4.22952572e+00 -1.39005908e-01\n",
      "   1.11321708e+00 -1.35954307e-02  9.03610644e-02 -9.18790285e-04\n",
      "   5.24047300e-03 -4.63500972e-05 -2.32477263e-04  1.82434498e-06]\n",
      " [-3.18805473e-06 -3.20034041e-05 -2.24269498e-04 -1.21138153e-03\n",
      "  -5.53614116e-03 -2.10585389e-02 -6.94106631e-02  1.97279990e-01\n",
      "   3.17713172e-01 -1.20480871e+00 -1.39005908e-01  5.49963470e+00\n",
      "   1.74766803e-02  1.01917513e+00  1.40181770e-03  6.94093920e-02\n",
      "   8.12928994e-05  3.50159269e-03 -3.60630562e-06 -1.37823087e-04]\n",
      " [ 1.04639272e-06 -1.06211468e-05  7.36104011e-05 -4.02026972e-04\n",
      "   1.81717950e-03 -6.98334213e-03  2.29944935e-02  6.04956096e-02\n",
      "  -1.64435461e-01 -9.11245421e-02  1.11321708e+00  1.74766803e-02\n",
      "  -5.63541764e+00  1.70964555e-03 -9.39091932e-01  1.15539421e-04\n",
      "  -5.47513969e-02  5.82860259e-06  2.42891284e-03 -2.29414446e-07]\n",
      " [-3.10309538e-07 -3.14638730e-06 -2.18292878e-05 -1.19095940e-04\n",
      "  -5.38860835e-04 -2.07036036e-03 -6.75640428e-03  1.94033973e-02\n",
      "   3.09813813e-02 -1.20491448e-01 -1.35954307e-02  1.01917513e+00\n",
      "   1.70964555e-03  6.72125544e+00  1.37132293e-04  8.71266532e-01\n",
      "   7.95244762e-06  4.41238222e-02 -3.52785504e-07 -1.73673366e-03]\n",
      " [ 8.39730634e-08 -8.51517057e-07  5.90723804e-06 -3.22312486e-05\n",
      "   1.45828741e-04 -5.59867716e-04  1.84531749e-03  4.85022592e-03\n",
      "  -1.31996456e-02 -7.30838786e-03  9.03610644e-02  1.40181770e-03\n",
      "  -9.39091932e-01  1.37132293e-04 -6.78035538e+00  9.26752684e-06\n",
      "  -8.13023933e-01  4.67517757e-07  3.61722947e-02 -1.84015509e-08]\n",
      " [-2.09701869e-08 -2.12644048e-07 -1.47518587e-06 -8.04892737e-06\n",
      "  -3.64152921e-05 -1.39922323e-04 -4.56586389e-04  1.31135485e-03\n",
      "   2.09369846e-03 -8.14434036e-03 -9.18790285e-04  6.94093920e-02\n",
      "   1.15539421e-04  8.71266532e-01  9.26752684e-06  7.82306753e+00\n",
      "   5.37433745e-07  7.62372518e-01 -2.38415698e-08 -3.00739904e-02]\n",
      " [ 4.86970014e-09 -4.93802504e-08  3.42567922e-07 -1.86911949e-06\n",
      "   8.45678617e-06 -3.24672394e-05  1.07012209e-04  2.81269080e-04\n",
      "  -7.65464670e-04 -4.23820940e-04  5.24047300e-03  8.12928994e-05\n",
      "  -5.47513969e-02  7.95244762e-06 -8.13023933e-01  5.37433745e-07\n",
      "  -7.85498898e+00  2.71118523e-08  7.17853486e-01 -1.06712552e-09]\n",
      " [-1.05788021e-09 -1.07272291e-08 -7.44185041e-08 -4.06043285e-07\n",
      "  -1.83703736e-06 -7.05864487e-06 -2.30333525e-05  6.61537636e-05\n",
      "   1.05620532e-04 -4.10856790e-04 -4.63500972e-05  3.50159269e-03\n",
      "   5.82860259e-06  4.41238222e-02  4.67517757e-07  7.62372518e-01\n",
      "   2.71118523e-08  8.87945806e+00 -1.20273266e-09 -6.78374395e-01]\n",
      " [-2.16029041e-10  2.19060059e-09 -1.51969562e-08  8.29176487e-08\n",
      "  -3.75158912e-07  1.44030767e-06 -4.74726253e-06 -1.24776243e-05\n",
      "   3.39574501e-05  1.88014925e-05 -2.32477263e-04 -3.60630562e-06\n",
      "   2.42891284e-03 -3.52785504e-07  3.61722947e-02 -2.38415698e-08\n",
      "   7.17853486e-01 -1.20273266e-09 -8.89859690e+00  4.73396912e-11]\n",
      " [ 4.16382826e-11  4.22224930e-10  2.92912059e-09  1.59819088e-08\n",
      "   7.23059948e-08  2.77829047e-07  9.06595313e-07 -2.60381949e-06\n",
      "  -4.15723586e-06  1.61713689e-05  1.82434498e-06 -1.37823087e-04\n",
      "  -2.29414446e-07 -1.73673366e-03 -1.84015509e-08 -3.00739904e-02\n",
      "  -1.06712552e-09 -6.78374395e-01  4.73396912e-11  9.91381802e+00]]\n",
      "omega_d_values: [47.1238898  47.2558895  47.38788919 47.51988888 47.65188857 47.78388826\n",
      " 47.91588795 48.04788764 48.17988733 48.31188703 48.44388672 48.57588641\n",
      " 48.7078861  48.83988579 48.97188548 49.10388517 49.23588487 49.36788456\n",
      " 49.49988425 49.63188394 49.76388363 49.89588332 50.02788301 50.1598827\n",
      " 50.2918824  50.42388209 50.55588178 50.68788147 50.81988116 50.95188085\n",
      " 51.08388054 51.21588023 51.34787993 51.47987962 51.61187931 51.743879\n",
      " 51.87587869 52.00787838 52.13987807 52.27187777 52.40387746 52.53587715\n",
      " 52.66787684 52.79987653 52.93187622 53.06387591 53.1958756  53.3278753\n",
      " 53.45987499 53.59187468 53.72387437 53.85587406 53.98787375 54.11987344\n",
      " 54.25187314 54.38387283 54.51587252 54.64787221 54.7798719  54.91187159\n",
      " 55.04387128 55.17587097 55.30787067 55.43987036 55.57187005 55.70386974\n",
      " 55.83586943 55.96786912 56.09986881 56.23186851 56.3638682  56.49586789\n",
      " 56.62786758 56.75986727 56.89186696 57.02386665 57.15586634 57.28786604\n",
      " 57.41986573 57.55186542 57.68386511 57.8158648  57.94786449 58.07986418\n",
      " 58.21186388 58.34386357 58.47586326 58.60786295 58.73986264 58.87186233\n",
      " 59.00386202 59.13586171 59.26786141 59.3998611  59.53186079 59.66386048\n",
      " 59.79586017 59.92785986 60.05985955 60.19185925 60.32385894 60.45585863\n",
      " 60.58785832 60.71985801 60.8518577  60.98385739 61.11585708 61.24785678\n",
      " 61.37985647 61.51185616 61.64385585 61.77585554 61.90785523 62.03985492\n",
      " 62.17185462 62.30385431 62.435854   62.56785369 62.69985338 62.83185307]\n",
      "drive_amplitudes: [[ 0.          0.          0.         ...  0.          0.\n",
      "   0.        ]\n",
      " [ 1.12426412  1.1338659   1.14344842 ...  2.14500354  2.15300056\n",
      "   2.16098688]\n",
      " [ 1.58994957  1.60352853  1.61708027 ...  3.0334931   3.04480259\n",
      "   3.05609696]\n",
      " ...\n",
      " [ 8.4132223   8.48507542  8.55678449 ... 16.05173669 16.1115809\n",
      "  16.17134508]\n",
      " [ 8.48800797  8.5604998   8.63284629 ... 16.1944216  16.25479777\n",
      "  16.3150932 ]\n",
      " [ 8.56214045  8.63526541  8.70824376 ... 16.33586028 16.39676376\n",
      "  16.4575858 ]]\n",
      "state_indices: [0, 1]\n",
      "options: fit_range_fraction: 0.5\n",
      "floquet_sampling_time_fraction: 0.0\n",
      "fit_cutoff: 4\n",
      "overlap_cutoff: 0.9\n",
      "nsteps: 30000\n",
      "num_cpus: 6\n",
      "save_floquet_modes: True\n",
      "calculating for amp_range_idx=0\n",
      "calculating for amp_range_idx=1\n",
      "finished in 0.3124552329381307 minutes\n"
     ]
    }
   ],
   "source": [
    "floquet_analysis = ft.FloquetAnalysis(\n",
    "    model, state_indices=state_indices, options=options\n",
    ")\n",
    "data_vals = floquet_analysis.run(filepath=filepath)"
   ]
  },
  {
   "cell_type": "code",
   "execution_count": 4,
   "id": "d9e83c57",
   "metadata": {},
   "outputs": [],
   "source": [
    "new_obj, new_data_dict = ft.read_from_file(filepath)"
   ]
  },
  {
   "cell_type": "code",
   "execution_count": 5,
   "id": "59ac64fb",
   "metadata": {},
   "outputs": [
    {
     "name": "stdout",
     "output_type": "stream",
     "text": [
      "new_obj.__dict__:\n",
      "|---> model: <class 'floquet.model.Model'>\n",
      "|      |---> H0: ndarray of shape (20, 20)\n",
      "|      |---> H1: ndarray of shape (20, 20)\n",
      "|      |---> omega_d_values: ndarray of shape (120,)\n",
      "|      |---> drive_amplitudes: ndarray of shape (59, 120)\n",
      "|---> state_indices: ndarray of shape (2,)\n",
      "|---> options: <class 'floquet.options.Options'>\n",
      "|      |---> fit_range_fraction: 0.5\n",
      "|      |---> floquet_sampling_time_fraction: 0.0\n",
      "|      |---> fit_cutoff: 4\n",
      "|      |---> overlap_cutoff: 0.9\n",
      "|      |---> nsteps: 30000\n",
      "|      |---> num_cpus: 6\n",
      "|      |---> save_floquet_modes: True\n",
      "|---> init_data_to_save: None\n",
      "|---> hilbert_dim: 20\n",
      "\n",
      "new_data_dict:\n",
      "|---> avg_excitation: ndarray of shape (120, 59, 20)\n",
      "|---> bare_state_overlaps: ndarray of shape (120, 59, 2)\n",
      "|---> displaced_state_overlaps: ndarray of shape (120, 59, 2)\n",
      "|---> fit_data: ndarray of shape (2, 20, 9)\n",
      "|---> floquet_modes: ndarray of shape (120, 59, 2, 20)\n",
      "|---> intermediate_displaced_state_overlaps: ndarray of shape (120, 59, 2)\n",
      "|---> quasienergies: ndarray of shape (120, 59, 20)\n"
     ]
    }
   ],
   "source": [
    "def print_dict(_dict, iter_val=1):\n",
    "    iter_tab = \"|      \" * (iter_val - 1) + \"|---> \"\n",
    "\n",
    "    for key, value in _dict.items():\n",
    "        if isinstance(value, dict):\n",
    "            print(f\"{iter_tab}{key}: {type(value)}\")\n",
    "            print_dict(value, iter_val + 1)\n",
    "        elif isinstance(value, ft.model.Model) or isinstance(value, ft.options.Options):\n",
    "            print(f\"{iter_tab}{key}: {type(value)}\")\n",
    "            print_dict(value.__dict__, iter_val + 1)\n",
    "        elif isinstance(value, np.ndarray) or isinstance(value, qt.Qobj):\n",
    "            print(f\"{iter_tab}{key}: ndarray of shape {value.shape}\")\n",
    "        else:\n",
    "            print(f\"{iter_tab}{key}: {value}\")\n",
    "\n",
    "\n",
    "print(\"new_obj.__dict__:\")\n",
    "print_dict(new_obj.__dict__)\n",
    "print()\n",
    "print(\"new_data_dict:\")\n",
    "print_dict(new_data_dict)"
   ]
  },
  {
   "cell_type": "code",
   "execution_count": 6,
   "id": "6e495d8a",
   "metadata": {},
   "outputs": [],
   "source": [
    "def plot_disp_state_ovlps(displaced_state_overlaps, state_idx):\n",
    "    plot_data = np.clip(1 - displaced_state_overlaps[:, :, state_idx].T ** 2, 0.0, 0.5)\n",
    "\n",
    "    fig, ax = plt.subplots(figsize=(8, 8))\n",
    "    xticks = omega_d_values / (2.0 * np.pi)\n",
    "    yticks = chi_ac_values / (2.0 * np.pi)\n",
    "    num_x_pts = len(xticks)\n",
    "    num_y_pts = len(yticks)\n",
    "    im = plt.imshow(\n",
    "        plot_data, origin=\"lower\", cmap=\"Blues\", aspect=0.75, interpolation=\"none\"\n",
    "    )\n",
    "    ax.set_title(f\"$P_{state_idx}$\" + r\"$\\rightarrow$\", fontsize=15)\n",
    "    xticklabel_locations = np.linspace(0, num_x_pts - 1, 6, dtype=int)\n",
    "    ax.set_xticks(xticklabel_locations)\n",
    "    ax.set_xticklabels(\n",
    "        np.array(np.around(xticks[xticklabel_locations], decimals=2), dtype=str),\n",
    "        fontsize=12,\n",
    "    )\n",
    "    yticklabel_locations = np.linspace(0, num_y_pts - 1, 3, dtype=int)\n",
    "    ax.set_yticks(yticklabel_locations)\n",
    "    ax.set_yticklabels(\n",
    "        np.array(np.around(yticks[yticklabel_locations], decimals=2), dtype=str),\n",
    "        fontsize=12,\n",
    "    )\n",
    "    ax.set_ylabel(r\"$\\chi_{\\rm ac}$ [GHz]\", fontsize=15)\n",
    "    ax.set_xlabel(r\"$\\omega_r/2\\pi$ [GHz]\", fontsize=15)\n",
    "    cax = plt.axes([0.91, 0.35, 0.05, 0.3])\n",
    "    cbar = plt.colorbar(im, cax=cax)\n",
    "    plt.show()"
   ]
  },
  {
   "cell_type": "code",
   "execution_count": 7,
   "id": "3f3c4780",
   "metadata": {},
   "outputs": [
    {
     "data": {
