{
 "cells": [
  {
   "cell_type": "markdown",
   "id": "9a63283cbaf04dbcab1f6479b197f3a8",
   "metadata": {
    "collapsed": false
   },
   "source": [
    "# EJ sweep Floquet analysis\n",
    "\n",
    "Following up the previous transmon demo, we examine the possible experimental situation where the cavity frequency to use is fixed and we instead have the freedom to sweep a transmon parameter. Here specifically we fix the transmon EC and sweep EJ."
   ]
  },
  {
   "cell_type": "code",
   "execution_count": 1,
   "id": "68ebc2fd",
   "metadata": {},
   "outputs": [],
   "source": [
    "import matplotlib.pyplot as plt\n",
    "import numpy as np\n",
    "import qutip as qt\n",
    "import scqubits as scq\n",
    "from cycler import cycler\n",
    "\n",
    "import floquet as ft\n",
    "\n",
    "\n",
    "color_cycler = cycler(plt.rcParams[\"axes.prop_cycle\"])\n",
    "ls_cycler = cycler(ls=[\"-\", \"--\", \"-.\", \":\"])\n",
    "alpha_cycler = cycler(alpha=[1.0, 0.6, 0.2])\n",
    "color_ls_alpha_cycler = alpha_cycler * ls_cycler * color_cycler"
   ]
  },
  {
   "cell_type": "code",
   "execution_count": 2,
   "id": "fde5cfeb",
   "metadata": {},
   "outputs": [],
   "source": [
    "filepath = ft.generate_file_path(\"h5py\", \"transmon_EJ_sweep_floquet\", \"out\")\n",
    "\n",
    "num_states = 20\n",
    "qubit_params = {\"EJ\": 20.0, \"EC\": 0.2, \"ng\": 0.25, \"ncut\": 41}\n",
    "tmon = scq.Transmon(**qubit_params, truncated_dim=num_states)\n",
    "state_indices = [0, 1]\n",
    "\n",
    "# fix the drive frequency (\"cavity\" frequency) to a single value\n",
    "omega_d_values = 2.0 * np.pi * np.array([8.0])\n",
    "chi_ac_values = 2.0 * np.pi * np.linspace(0.0, 0.1, 59)\n",
    "\n",
    "\n",
    "def get_H0_H1(qubit_instance: scq.GenericQubit) -> tuple[qt.Qobj, qt.Qobj]:\n",
    "    hilbert_space = scq.HilbertSpace([qubit_instance])\n",
    "    hilbert_space.generate_lookup()\n",
    "    evals = hilbert_space[\"evals\"][0][0:num_states]\n",
    "    H0 = 2.0 * np.pi * qt.Qobj(np.diag(evals - evals[0]))\n",
    "    H1 = hilbert_space.op_in_dressed_eigenbasis(qubit_instance.n_operator)\n",
    "    return H0, H1\n",
    "\n",
    "\n",
    "# we define this function which takes EJ as input so that we can parallelize calls\n",
    "def sweep_tmon_EJ(EJ: float) -> tuple[np.ndarray, np.ndarray]:\n",
    "    _qubit_params = {\"EJ\": EJ, \"EC\": 0.2, \"ng\": 0.25, \"ncut\": 41}\n",
    "    _tmon = scq.Transmon(**_qubit_params, truncated_dim=num_states)\n",
    "    _H0, _H1 = get_H0_H1(_tmon)\n",
    "    _chi_to_amp = ft.ChiacToAmp(_H0, _H1, state_indices, omega_d_values)\n",
    "    _drive_amplitudes = _chi_to_amp.amplitudes_for_omega_d(chi_ac_values)\n",
    "    _model = ft.Model(\n",
    "        _H0, _H1, omega_d_values=omega_d_values, drive_amplitudes=_drive_amplitudes\n",
    "    )\n",
    "    _floquet_analysis = ft.FloquetAnalysis(_model, state_indices=state_indices)\n",
    "    _result = _floquet_analysis.run(filepath=None)\n",
    "    return _result.displaced_state_overlaps, _result.avg_excitation"
   ]
  },
  {
   "cell_type": "code",
   "execution_count": 3,
   "id": "8a65eabff63a45729fe45fb5ade58bdc",
   "metadata": {
    "collapsed": false,
    "pycharm": {
     "is_executing": true
    }
   },
   "outputs": [
    {
     "name": "stdout",
     "output_type": "stream",
     "text": [
      "Running floquet simulation with parameters: \n",
      "model: H0: Quantum object: dims=[[20], [20]], shape=(20, 20), type='oper', dtype=Dense, isherm=True\n",
      "Qobj data =\n",
      "[[  0.           0.           0.           0.           0.\n",
      "    0.           0.           0.           0.           0.\n",
      "    0.           0.           0.           0.           0.\n",
      "    0.           0.           0.           0.           0.        ]\n",
      " [  0.          30.73658134   0.           0.           0.\n",
      "    0.           0.           0.           0.           0.\n",
      "    0.           0.           0.           0.           0.\n",
      "    0.           0.           0.           0.           0.        ]\n",
      " [  0.           0.          60.08025828   0.           0.\n",
      "    0.           0.           0.           0.           0.\n",
      "    0.           0.           0.           0.           0.\n",
      "    0.           0.           0.           0.           0.        ]\n",
      " [  0.           0.           0.          87.91069905   0.\n",
      "    0.           0.           0.           0.           0.\n",
      "    0.           0.           0.           0.           0.\n",
      "    0.           0.           0.           0.           0.        ]\n",
      " [  0.           0.           0.           0.         114.06444724\n",
      "    0.           0.           0.           0.           0.\n",
      "    0.           0.           0.           0.           0.\n",
      "    0.           0.           0.           0.           0.        ]\n",
      " [  0.           0.           0.           0.           0.\n",
      "  138.29942075   0.           0.           0.           0.\n",
      "    0.           0.           0.           0.           0.\n",
      "    0.           0.           0.           0.           0.        ]\n",
      " [  0.           0.           0.           0.           0.\n",
      "    0.         160.18759527   0.           0.           0.\n",
      "    0.           0.           0.           0.           0.\n",
      "    0.           0.           0.           0.           0.        ]\n",
      " [  0.           0.           0.           0.           0.\n",
      "    0.           0.         178.79243077   0.           0.\n",
      "    0.           0.           0.           0.           0.\n",
      "    0.           0.           0.           0.           0.        ]\n",
      " [  0.           0.           0.           0.           0.\n",
      "    0.           0.           0.         194.44738307   0.\n",
      "    0.           0.           0.           0.           0.\n",
      "    0.           0.           0.           0.           0.        ]\n",
      " [  0.           0.           0.           0.           0.\n",
      "    0.           0.           0.           0.         212.60887091\n",
      "    0.           0.           0.           0.           0.\n",
      "    0.           0.           0.           0.           0.        ]\n",
      " [  0.           0.           0.           0.           0.\n",
      "    0.           0.           0.           0.           0.\n",
      "  235.02605797   0.           0.           0.           0.\n",
      "    0.           0.           0.           0.           0.        ]\n",
      " [  0.           0.           0.           0.           0.\n",
      "    0.           0.           0.           0.           0.\n",
      "    0.         260.8407433    0.           0.           0.\n",
      "    0.           0.           0.           0.           0.        ]\n",
      " [  0.           0.           0.           0.           0.\n",
      "    0.           0.           0.           0.           0.\n",
      "    0.           0.         289.66138759   0.           0.\n",
      "    0.           0.           0.           0.           0.        ]\n",
      " [  0.           0.           0.           0.           0.\n",
      "    0.           0.           0.           0.           0.\n",
      "    0.           0.           0.         321.31266832   0.\n",
      "    0.           0.           0.           0.           0.        ]\n",
      " [  0.           0.           0.           0.           0.\n",
      "    0.           0.           0.           0.           0.\n",
      "    0.           0.           0.           0.         355.69662945\n",
      "    0.           0.           0.           0.           0.        ]\n",
      " [  0.           0.           0.           0.           0.\n",
      "    0.           0.           0.           0.           0.\n",
      "    0.           0.           0.           0.           0.\n",
      "  392.75237405   0.           0.           0.           0.        ]\n",
      " [  0.           0.           0.           0.           0.\n",
      "    0.           0.           0.           0.           0.\n",
      "    0.           0.           0.           0.           0.\n",
      "    0.         432.43958707   0.           0.           0.        ]\n",
      " [  0.           0.           0.           0.           0.\n",
      "    0.           0.           0.           0.           0.\n",
      "    0.           0.           0.           0.           0.\n",
      "    0.           0.         474.73038979   0.           0.        ]\n",
      " [  0.           0.           0.           0.           0.\n",
      "    0.           0.           0.           0.           0.\n",
      "    0.           0.           0.           0.           0.\n",
      "    0.           0.           0.         519.60485975   0.        ]\n",
      " [  0.           0.           0.           0.           0.\n",
      "    0.           0.           0.           0.           0.\n",
      "    0.           0.           0.           0.           0.\n",
      "    0.           0.           0.           0.         567.04838431]]\n",
      "H1: Quantum object: dims=[[20], [20]], shape=(20, 20), type='oper', dtype=CSR, isherm=True\n",
      "Qobj data =\n",
      "[[ 2.49999999e-01  1.23624907e+00 -8.16213225e-08 -3.38033008e-02\n",
      "  -1.74239139e-06  1.97193682e-03 -1.77665246e-05  2.08248805e-04\n",
      "  -4.87895646e-05 -3.36713692e-05  1.21055466e-05 -3.95676397e-06\n",
      "   1.14430205e-06 -3.00532146e-07  7.24674500e-08  1.61795140e-08\n",
      "  -3.36654711e-09  6.56286143e-10 -1.20394742e-10  2.08624561e-11]\n",
      " [ 1.23624907e+00  2.50000120e-01  1.70781897e+00 -3.98231625e-06\n",
      "   7.21681148e-02  5.85030775e-05  5.72759942e-03  3.70521781e-04\n",
      "   7.95651776e-04 -2.92576251e-04 -1.17271419e-04 -3.78406963e-05\n",
      "  -1.09565275e-05 -2.87729764e-06 -6.93807886e-07  1.54903633e-07\n",
      "   3.22315229e-08  6.28332282e-09  1.15266644e-09  1.99738403e-10]\n",
      " [-8.16213225e-08  1.70781897e+00  2.49994905e-01 -2.03592163e+00\n",
      "  -1.08757568e-04  1.23067694e-01 -1.10896097e-03  1.29985601e-02\n",
      "  -3.04537536e-03 -2.10171748e-03  7.55611171e-04 -2.46975414e-04\n",
      "   7.14257228e-05 -1.87587766e-05  4.52331618e-06  1.00990158e-06\n",
      "  -2.10135130e-07  4.09644203e-08 -7.51487023e-09  1.30220396e-09]\n",
      " [-3.38033008e-02 -3.98231625e-06 -2.03592163e+00  2.50132309e-01\n",
      "  -2.27662990e+00 -1.94371395e-03 -1.90215762e-01 -1.23102921e-02\n",
      "  -2.64342848e-02  9.72069999e-03  3.89619245e-03  1.25723967e-03\n",
      "   3.64016623e-04  9.55968873e-05  2.30508803e-05 -5.14660179e-06\n",
      "  -1.07085116e-06 -2.08760503e-07 -3.82958692e-08 -6.63621635e-09]\n",
      " [-1.74239139e-06  7.21681148e-02 -1.08757568e-04 -2.27662990e+00\n",
      "   2.47678324e-01  2.44515029e+00 -2.36734375e-02  2.77139577e-01\n",
      "  -6.50192179e-02 -4.48545027e-02  1.61339047e-02 -5.27103043e-03\n",
      "   1.52509510e-03 -4.00356074e-04  9.65826763e-05  2.15536567e-05\n",
      "  -4.48684382e-06  8.74276337e-07 -1.60458887e-07  2.77920719e-08]\n",
      " [ 1.97193682e-03  5.85030775e-05  1.23067694e-01 -1.94371395e-03\n",
      "   2.44515029e+00  2.78554823e-01  2.53142666e+00  1.80950797e-01\n",
      "   3.86307686e-01 -1.43205194e-01 -5.70596615e-02 -1.85268715e-02\n",
      "  -5.33120910e-03 -1.40873477e-03 -3.37591984e-04  7.58413505e-05\n",
      "   1.56831653e-05  3.07633642e-06  5.60862680e-07  9.77926077e-08]\n",
      " [-1.77665246e-05  5.72759942e-03 -1.10896097e-03 -1.90215762e-01\n",
      "  -2.36734375e-02  2.53142666e+00  8.39923196e-03  2.43955221e+00\n",
      "  -6.74649727e-01 -4.42985849e-01  1.69447263e-01 -5.22070522e-02\n",
      "   1.60230515e-02 -3.96546083e-03  1.01472564e-03  2.13485444e-04\n",
      "  -4.71400842e-05  8.65956411e-06 -1.68582767e-06  2.75275926e-07]\n",
      " [ 2.08248805e-04  3.70521781e-04  1.29985601e-02 -1.23102921e-02\n",
      "   2.77139577e-01  1.80950797e-01  2.43955221e+00  1.43634010e+00\n",
      "   1.86818143e+00 -1.08791021e+00 -3.05135892e-01 -1.43638609e-01\n",
      "  -2.85610022e-02 -1.09245909e-02 -1.80861190e-03  5.88142439e-04\n",
      "   8.40208357e-05  2.38566955e-05  3.00476021e-06  7.58372346e-07]\n",
      " [-4.87895646e-05  7.95651776e-04 -3.04537536e-03 -2.64342848e-02\n",
      "  -6.50192179e-02  3.86307686e-01 -6.74649727e-01  1.86818143e+00\n",
      "  -2.52780773e+00 -7.62848340e-01  1.07595423e+00 -9.29824160e-02\n",
      "   1.03386633e-01 -7.06524686e-03  6.54813885e-03  3.80366904e-04\n",
      "  -3.04200393e-04  1.54287409e-05 -1.08788401e-05  4.90458976e-07]\n",
      " [-3.36713692e-05 -2.92576251e-04 -2.10171748e-03  9.72069999e-03\n",
      "  -4.48545027e-02 -1.43205194e-01 -4.42985849e-01 -1.08791021e+00\n",
      "  -7.62848340e-01  4.30061982e+00  1.49220396e-01  9.88701296e-01\n",
      "   1.40194587e-02  7.59847144e-02  8.87799047e-04 -4.09096164e-03\n",
      "  -4.12435773e-05 -1.65940820e-04 -1.47495629e-06 -5.27503605e-06]\n",
      " [ 1.21055466e-05 -1.17271419e-04  7.55611171e-04  3.89619245e-03\n",
      "   1.61339047e-02 -5.70596615e-02  1.69447263e-01 -3.05135892e-01\n",
      "   1.07595423e+00  1.49220396e-01 -4.56697266e+00  1.84126271e-02\n",
      "  -8.99024585e-01  1.39927365e-03 -5.73329234e-02 -7.53317967e-05\n",
      "   2.66352113e-03 -3.05566747e-06  9.52530714e-05 -9.71355697e-08]\n",
      " [-3.95676397e-06 -3.78406963e-05 -2.46975414e-04  1.25723967e-03\n",
      "  -5.27103043e-03 -1.85268715e-02 -5.22070522e-02 -1.43638609e-01\n",
      "  -9.29824160e-02  9.88701296e-01  1.84126271e-02  5.69251054e+00\n",
      "   1.73037565e-03  8.23275367e-01  1.09578332e-04 -4.45336267e-02\n",
      "  -5.09056916e-06 -1.80642945e-03 -1.82049363e-07 -5.74239698e-05]\n",
      " [ 1.14430205e-06 -1.09565275e-05  7.14257228e-05  3.64016623e-04\n",
      "   1.52509510e-03 -5.33120910e-03  1.60230515e-02 -2.85610022e-02\n",
      "   1.03386633e-01  1.40194587e-02 -8.99024585e-01  1.73037565e-03\n",
      "  -5.76938001e+00  1.31500887e-04 -7.59790122e-01 -7.07952888e-06\n",
      "   3.54164429e-02 -2.87165408e-07  1.26657390e-03 -9.12860308e-09]\n",
      " [-3.00532146e-07 -2.87729764e-06 -1.87587766e-05  9.55968873e-05\n",
      "  -4.00356074e-04 -1.40873477e-03 -3.96546083e-03 -1.09245909e-02\n",
      "  -7.06524686e-03  7.59847144e-02  1.39927365e-03  8.23275367e-01\n",
      "   1.31500887e-04  6.82112841e+00  8.32746817e-06 -7.05770678e-01\n",
      "  -3.86860721e-07 -2.86993343e-02 -1.38349457e-08 -9.12316631e-04]\n",
      " [ 7.24674500e-08 -6.93807886e-07  4.52331618e-06  2.30508803e-05\n",
      "   9.65826763e-05 -3.37591984e-04  1.01472564e-03 -1.80861190e-03\n",
      "   6.54813885e-03  8.87799047e-04 -5.73329234e-02  1.09578332e-04\n",
      "  -7.59790122e-01  8.32746817e-06 -6.85784521e+00 -4.48320563e-07\n",
      "   6.59164004e-01 -1.81851306e-08  2.36173686e-02 -5.78080906e-10]\n",
      " [ 1.61795140e-08  1.54903633e-07  1.00990158e-06 -5.14660179e-06\n",
      "   2.15536567e-05  7.58413505e-05  2.13485444e-04  5.88142439e-04\n",
      "   3.80366904e-04 -4.09096164e-03 -7.53317967e-05 -4.45336267e-02\n",
      "  -7.07952888e-06 -7.05770678e-01 -4.48320563e-07  7.88485555e+00\n",
      "   2.08271725e-08  6.18485995e-01  7.44823098e-10  1.96892973e-02]\n",
      " [-3.36654711e-09  3.22315229e-08 -2.10135130e-07 -1.07085116e-06\n",
      "  -4.48684382e-06  1.56831653e-05 -4.71400842e-05  8.40208357e-05\n",
      "  -3.04200393e-04 -4.12435773e-05  2.66352113e-03 -5.09056916e-06\n",
      "   3.54164429e-02 -3.86860721e-07  6.59164004e-01  2.08271725e-08\n",
      "  -7.90527449e+00  8.44808121e-10 -5.82637503e-01  2.68553168e-11]\n",
      " [ 6.56286143e-10  6.28332282e-09  4.09644203e-08 -2.08760503e-07\n",
      "   8.74276337e-07  3.07633642e-06  8.65956411e-06  2.38566955e-05\n",
      "   1.54287409e-05 -1.65940820e-04 -3.05566747e-06 -1.80642945e-03\n",
      "  -2.87165408e-07 -2.86993343e-02 -1.81851306e-08  6.18485995e-01\n",
      "   8.44808121e-10  8.92104911e+00  3.02120992e-11  5.50784159e-01]\n",
      " [-1.20394742e-10  1.15266644e-09 -7.51487023e-09 -3.82958692e-08\n",
      "  -1.60458887e-07  5.60862680e-07 -1.68582767e-06  3.00476021e-06\n",
      "  -1.08788401e-05 -1.47495629e-06  9.52530714e-05 -1.82049363e-07\n",
      "   1.26657390e-03 -1.38349457e-08  2.36173686e-02  7.44823098e-10\n",
      "  -5.82637503e-01  3.02120992e-11 -8.93345594e+00  9.60402104e-13]\n",
      " [ 2.08624561e-11  1.99738403e-10  1.30220396e-09 -6.63621635e-09\n",
      "   2.77920719e-08  9.77926077e-08  2.75275926e-07  7.58372346e-07\n",
      "   4.90458976e-07 -5.27503605e-06 -9.71355697e-08 -5.74239698e-05\n",
      "  -9.12860308e-09 -9.12316631e-04 -5.78080906e-10  1.96892973e-02\n",
      "   2.68553168e-11  5.50784159e-01  9.60402104e-13  9.94336305e+00]]\n",
      "omega_d_values: [50.26548246]\n",
      "drive_amplitudes: [[ 0.        ]\n",
      " [ 1.63694087]\n",
      " [ 2.31498398]\n",
      " [ 2.83526475]\n",
      " [ 3.27388174]\n",
      " [ 3.66031106]\n",
      " [ 4.00966987]\n",
      " [ 4.33093845]\n",
      " [ 4.62996796]\n",
      " [ 4.91082261]\n",
      " [ 5.17646154]\n",
      " [ 5.42911867]\n",
      " [ 5.67052951]\n",
      " [ 5.90207424]\n",
      " [ 6.12487189]\n",
      " [ 6.33984472]\n",
      " [ 6.54776348]\n",
      " [ 6.74928011]\n",
      " [ 6.94495193]\n",
      " [ 7.13525982]\n",
      " [ 7.32062212]\n",
      " [ 7.50140544]\n",
      " [ 7.67793325]\n",
      " [ 7.85049262]\n",
      " [ 8.01933974]\n",
      " [ 8.18470434]\n",
      " [ 8.34679343]\n",
      " [ 8.50579426]\n",
      " [ 8.6618769 ]\n",
      " [ 8.81519636]\n",
      " [ 8.96589439]\n",
      " [ 9.11410103]\n",
      " [ 9.25993591]\n",
      " [ 9.40350937]\n",
      " [ 9.54492346]\n",
      " [ 9.68427278]\n",
      " [ 9.82164521]\n",
      " [ 9.95712258]\n",
      " [10.09078121]\n",
      " [10.22269245]\n",
      " [10.35292308]\n",
      " [10.48153575]\n",
      " [10.60858931]\n",
      " [10.73413912]\n",
      " [10.85823733]\n",
      " [10.98093317]\n",
      " [11.10227314]\n",
      " [11.2223012 ]\n",
      " [11.34105902]\n",
      " [11.45858608]\n",
      " [11.57491989]\n",
      " [11.69009606]\n",
      " [11.80414848]\n",
      " [11.91710941]\n",
      " [12.0290096 ]\n",
      " [12.1398784 ]\n",
      " [12.24974379]\n",
      " [12.35863254]\n",
      " [12.46657025]]\n",
      "rep_amps: [ 0.          1.63694087  2.31498398  2.83526475  3.27388174  3.66031106\n",
      "  4.00966987  4.33093845  4.62996796  4.91082261  5.17646154  5.42911867\n",
      "  5.67052951  5.90207424  6.12487189  6.33984472  6.54776348  6.74928011\n",
      "  6.94495193  7.13525982  7.32062212  7.50140544  7.67793325  7.85049262\n",
      "  8.01933974  8.18470434  8.34679343  8.50579426  8.6618769   8.81519636\n",
      "  8.96589439  9.11410103  9.25993591  9.40350937  9.54492346  9.68427278\n",
      "  9.82164521  9.95712258 10.09078121 10.22269245 10.35292308 10.48153575\n",
      " 10.60858931 10.73413912 10.85823733 10.98093317 11.10227314 11.2223012\n",
      " 11.34105902 11.45858608 11.57491989 11.69009606 11.80414848 11.91710941\n",
      " 12.0290096  12.1398784  12.24974379 12.35863254 12.46657025]\n",
      "rep_amp_type: linear_amp\n",
      "state_indices: [0, 1]\n",
      "options: fit_range_fraction: 1.0\n",
      "floquet_sampling_time_fraction: 0.0\n",
      "fit_cutoff: 4\n",
      "overlap_cutoff: 0.8\n",
      "nsteps: 30000\n",
      "num_cpus: 1\n",
      "save_floquet_modes: FalseRunning floquet simulation with parameters: \n",
      "model: H0: Quantum object: dims=[[20], [20]], shape=(20, 20), type='oper', dtype=Dense, isherm=True\n",
      "Qobj data =\n",
      "[[  0.           0.           0.           0.           0.\n",
      "    0.           0.           0.           0.           0.\n",
      "    0.           0.           0.           0.           0.\n",
      "    0.           0.           0.           0.           0.        ]\n",
      " [  0.          29.46676315   0.           0.           0.\n",
      "    0.           0.           0.           0.           0.\n",
      "    0.           0.           0.           0.           0.\n",
      "    0.           0.           0.           0.           0.        ]\n",
      " [  0.           0.          57.53355983   0.           0.\n",
      "    0.           0.           0.           0.           0.\n",
      "    0.           0.           0.           0.           0.\n",
      "    0.           0.           0.           0.           0.        ]\n",
      " [  0.           0.           0.          84.07178357   0.\n",
      "    0.           0.           0.           0.           0.\n",
      "    0.           0.           0.           0.           0.\n",
      "    0.           0.           0.           0.           0.        ]\n",
      " [  0.           0.           0.           0.         108.90284432\n",
      "    0.           0.           0.           0.           0.\n",
      "    0.           0.           0.           0.           0.\n",
      "    0.           0.           0.           0.           0.        ]\n",
      " [  0.           0.           0.           0.           0.\n",
      "  131.75125092   0.           0.           0.           0.\n",
      "    0.           0.           0.           0.           0.\n",
      "    0.           0.           0.           0.           0.        ]\n",
      " [  0.           0.           0.           0.           0.\n",
      "    0.         152.08463908   0.           0.           0.\n",
      "    0.           0.           0.           0.           0.\n",
      "    0.           0.           0.           0.           0.        ]\n",
      " [  0.           0.           0.           0.           0.\n",
      "    0.           0.         168.89196382   0.           0.\n",
      "    0.           0.           0.           0.           0.\n",
      "    0.           0.           0.           0.           0.        ]\n",
      " [  0.           0.           0.           0.           0.\n",
      "    0.           0.           0.         184.20429987   0.\n",
      "    0.           0.           0.           0.           0.\n",
      "    0.           0.           0.           0.           0.        ]\n",
      " [  0.           0.           0.           0.           0.\n",
      "    0.           0.           0.           0.         203.23624444\n",
      "    0.           0.           0.           0.           0.\n",
      "    0.           0.           0.           0.           0.        ]\n",
      " [  0.           0.           0.           0.           0.\n",
      "    0.           0.           0.           0.           0.\n",
      "  226.17050276   0.           0.           0.           0.\n",
      "    0.           0.           0.           0.           0.        ]\n",
      " [  0.           0.           0.           0.           0.\n",
      "    0.           0.           0.           0.           0.\n",
      "    0.         252.2962392    0.           0.           0.\n",
      "    0.           0.           0.           0.           0.        ]\n",
      " [  0.           0.           0.           0.           0.\n",
      "    0.           0.           0.           0.           0.\n",
      "    0.           0.         281.33325108   0.           0.\n",
      "    0.           0.           0.           0.           0.        ]\n",
      " [  0.           0.           0.           0.           0.\n",
      "    0.           0.           0.           0.           0.\n",
      "    0.           0.           0.         313.14535005   0.\n",
      "    0.           0.           0.           0.           0.        ]\n",
      " [  0.           0.           0.           0.           0.\n",
      "    0.           0.           0.           0.           0.\n",
      "    0.           0.           0.           0.         347.653599\n",
      "    0.           0.           0.           0.           0.        ]\n",
      " [  0.           0.           0.           0.           0.\n",
      "    0.           0.           0.           0.           0.\n",
      "    0.           0.           0.           0.           0.\n",
      "  384.80804112   0.           0.           0.           0.        ]\n",
      " [  0.           0.           0.           0.           0.\n",
      "    0.           0.           0.           0.           0.\n",
      "    0.           0.           0.           0.           0.\n",
      "    0.         424.57525498   0.           0.           0.        ]\n",
      " [  0.           0.           0.           0.           0.\n",
      "    0.           0.           0.           0.           0.\n",
      "    0.           0.           0.           0.           0.\n",
      "    0.           0.         466.93197188   0.           0.        ]\n",
      " [  0.           0.           0.           0.           0.\n",
      "    0.           0.           0.           0.           0.\n",
      "    0.           0.           0.           0.           0.\n",
      "    0.           0.           0.         511.86148673   0.        ]\n",
      " [  0.           0.           0.           0.           0.\n",
      "    0.           0.           0.           0.           0.\n",
      "    0.           0.           0.           0.           0.\n",
      "    0.           0.           0.           0.         559.3515066 ]]\n",
      "H1: Quantum object: dims=[[20], [20]], shape=(20, 20), type='oper', dtype=CSR, isherm=True\n",
      "Qobj data =\n",
      "[[ 2.49999997e-01  1.21042734e+00 -2.00586961e-07 -3.46655457e-02\n",
      "  -4.03667578e-06  2.13805017e-03 -3.72689259e-05  2.41357140e-04\n",
      "  -7.13480941e-05 -3.84954867e-05  1.32770198e-05 -4.10277749e-06\n",
      "   1.13182258e-06 -2.84146212e-07 -6.55908436e-08  1.40316045e-08\n",
      "  -2.79917773e-09  5.23389553e-10 -9.21204088e-11  1.53188497e-11]\n",
      " [ 1.21042734e+00  2.50000295e-01  1.67017816e+00 -9.30922299e-06\n",
      "   7.42776705e-02  1.27444098e-04  6.27261141e-03  6.60136141e-04\n",
      "   9.23873679e-04 -3.42834267e-04 -1.24944346e-04 -3.83850596e-05\n",
      "  -1.05943335e-05 -2.65963941e-06  6.13938559e-07  1.31337580e-07\n",
      "   2.62006538e-08  4.89899196e-09  8.62258554e-10  1.43386357e-10]\n",
      " [-2.00586961e-07  1.67017816e+00  2.49988057e-01 -1.98787043e+00\n",
      "  -2.40339917e-04  1.27275570e-01 -2.21895728e-03  1.43701253e-02\n",
      "  -4.24800245e-03 -2.29198278e-03  7.90502261e-04 -2.44275283e-04\n",
      "   6.73877362e-05 -1.69177823e-05 -3.90522204e-06  8.35427748e-07\n",
      "  -1.66660618e-07  3.11620924e-08 -5.48476938e-09  9.12069043e-10]\n",
      " [-3.46655457e-02 -9.30922299e-06 -1.98787043e+00  2.50293605e-01\n",
      "  -2.21768564e+00 -4.01947422e-03 -1.97730670e-01 -2.08202811e-02\n",
      "  -2.91369986e-02  1.08129827e-02  3.94051996e-03  1.21066532e-03\n",
      "   3.34126278e-04  8.38850656e-05 -1.93625210e-05 -4.14238919e-06\n",
      "  -8.26321629e-07 -1.54514278e-07 -2.71940883e-08 -4.52240780e-09]\n",
      " [-4.03667578e-06  7.42776705e-02 -2.40339917e-04 -2.21768564e+00\n",
      "   2.45163322e-01  2.37229153e+00 -4.46562623e-02  2.88687528e-01\n",
      "  -8.55195284e-02 -4.60999983e-02  1.59163540e-02 -4.91337849e-03\n",
      "   1.35682087e-03 -3.40286114e-04 -7.86298392e-05  1.68038847e-05\n",
      "  -3.35563445e-06  6.26797718e-07 -1.10433294e-07  1.83454560e-08]\n",
      " [ 2.13805017e-03  1.27444098e-04  1.27275570e-01 -4.01947422e-03\n",
      "   2.37229153e+00  3.05029184e-01  2.43008062e+00  2.85560513e-01\n",
      "   3.95420362e-01 -1.48929049e-01 -5.36044217e-02 -1.66798146e-02\n",
      "  -4.54540280e-03 -1.15572104e-03  2.63404827e-04  5.70714984e-05\n",
      "   1.12411553e-05  2.12881044e-06  3.69944292e-07  6.23071800e-08]\n",
      " [-3.72689259e-05  6.27261141e-03 -2.21895728e-03 -1.97730670e-01\n",
      "  -4.46562623e-02  2.43008062e+00 -1.63559865e-01  2.24306584e+00\n",
      "  -8.22333664e-01 -4.02332887e-01  1.55474782e-01 -4.29940993e-02\n",
      "   1.32578768e-02 -2.97771496e-03 -7.68315587e-04  1.47044447e-04\n",
      "  -3.27889042e-05  5.48487007e-06 -1.07907663e-06  1.60534156e-07]\n",
      " [ 2.41357140e-04  6.60136141e-04  1.43701253e-02 -2.08202811e-02\n",
      "   2.88687528e-01  2.85560513e-01  2.24306584e+00  1.86422797e+00\n",
      "   1.47143304e+00 -1.06201778e+00 -2.15985618e-01 -1.21267500e-01\n",
      "  -1.83361330e-02 -8.40400142e-03  1.06258112e-03  4.15004392e-04\n",
      "   4.53470794e-05  1.54799805e-05  1.49236379e-06  4.53076477e-07]\n",
      " [-7.13480941e-05  9.23873679e-04 -4.24800245e-03 -2.91369986e-02\n",
      "  -8.55195284e-02  3.95420362e-01 -8.22333664e-01  1.47143304e+00\n",
      "  -2.91452731e+00 -4.63282335e-01  1.00056612e+00 -5.04229217e-02\n",
      "   8.64804805e-02 -3.49280569e-03 -5.01208487e-03  1.72480587e-04\n",
      "  -2.13897532e-04  6.43365748e-06 -7.03932728e-06  1.88303781e-07]\n",
      " [-3.84954867e-05 -3.42834267e-04 -2.29198278e-03  1.08129827e-02\n",
      "  -4.60999983e-02 -1.48929049e-01 -4.02332887e-01 -1.06201778e+00\n",
      "  -4.63282335e-01  4.45423517e+00  7.41713870e-02  9.10486598e-01\n",
      "   6.30560120e-03  6.36459542e-02 -3.65413340e-04 -3.14305861e-03\n",
      "  -1.55945065e-05 -1.17238493e-04 -5.13212254e-07 -3.43139989e-06]\n",
      " [ 1.32770198e-05 -1.24944346e-04  7.90502261e-04  3.94051996e-03\n",
      "   1.59163540e-02 -5.36044217e-02  1.55474782e-01 -2.15985618e-01\n",
      "   1.00056612e+00  7.41713870e-02 -4.64352232e+00  8.10429163e-03\n",
      "  -8.27258619e-01  5.61405975e-04  4.82193509e-02 -2.77231700e-05\n",
      "   2.05785998e-03 -1.03409539e-06  6.77237840e-05 -3.02664655e-08]\n",
      " [-4.10277749e-06 -3.83850596e-05 -2.44275283e-04  1.21066532e-03\n",
      "  -4.91337849e-03 -1.66798146e-02 -4.29940993e-02 -1.21267500e-01\n",
      "  -5.04229217e-02  9.10486598e-01  8.10429163e-03  5.74309679e+00\n",
      "   6.89023059e-04  7.58015613e-01 -3.99293115e-05 -3.75812907e-02\n",
      "  -1.70403715e-06 -1.40182258e-03 -5.60795399e-08 -4.10293049e-05]\n",
      " [ 1.13182258e-06 -1.05943335e-05  6.73877362e-05  3.34126278e-04\n",
      "   1.35682087e-03 -4.54540280e-03  1.32578768e-02 -1.83361330e-02\n",
      "   8.64804805e-02  6.30560120e-03 -8.27258619e-01  6.89023059e-04\n",
      "  -5.80606489e+00  4.77305006e-05  6.99908875e-01 -2.35701229e-06\n",
      "   2.99546225e-02 -8.79183568e-08  9.85805417e-04 -2.57324221e-09]\n",
      " [-2.84146212e-07 -2.65963941e-06 -1.69177823e-05  8.38850656e-05\n",
      "  -3.40286114e-04 -1.15572104e-03 -2.97771496e-03 -8.40400142e-03\n",
      "  -3.49280569e-03  6.36459542e-02  5.61405975e-04  7.58015613e-01\n",
      "   4.77305006e-05  6.84903090e+00 -2.76601197e-06 -6.50374809e-01\n",
      "  -1.18043287e-07 -2.43104283e-02 -3.88478221e-09 -7.11532652e-04]\n",
      " [-6.55908436e-08  6.13938559e-07 -3.90522204e-06 -1.93625210e-05\n",
      "  -7.86298392e-05  2.63404827e-04 -7.68315587e-04  1.06258112e-03\n",
      "  -5.01208487e-03 -3.65413340e-04  4.82193509e-02 -3.99293115e-05\n",
      "   6.99908875e-01 -2.76601197e-06 -6.87974640e+00  1.36590317e-07\n",
      "  -6.07577354e-01  5.09492305e-09 -2.00270063e-02  1.49120975e-10]\n",
      " [ 1.40316045e-08  1.31337580e-07  8.35427748e-07 -4.14238919e-06\n",
      "   1.68038847e-05  5.70714984e-05  1.47044447e-04  4.15004392e-04\n",
      "   1.72480587e-04 -3.14305861e-03 -2.77231700e-05 -3.75812907e-02\n",
      "  -2.35701229e-06 -6.50374809e-01  1.36590317e-07  7.90244809e+00\n",
      "   5.82917578e-09  5.70185136e-01  1.91837071e-10  1.67089362e-02]\n",
      " [-2.79917773e-09  2.62006538e-08 -1.66660618e-07 -8.26321629e-07\n",
      "  -3.35563445e-06  1.12411553e-05 -3.27889042e-05  4.53470794e-05\n",
      "  -2.13897532e-04 -1.55945065e-05  2.05785998e-03 -1.70403715e-06\n",
      "   2.99546225e-02 -1.18043287e-07 -6.07577354e-01  5.82917578e-09\n",
      "  -7.91966336e+00  2.17432704e-10 -5.37207117e-01  6.36393846e-12]\n",
      " [ 5.23389553e-10  4.89899196e-09  3.11620924e-08 -1.54514278e-07\n",
      "   6.26797718e-07  2.12881044e-06  5.48487007e-06  1.54799805e-05\n",
      "   6.43365748e-06 -1.17238493e-04 -1.03409539e-06 -1.40182258e-03\n",
      "  -8.79183568e-08 -2.43104283e-02  5.09492305e-09  5.70185136e-01\n",
      "   2.17432704e-10  8.93299177e+00  7.15566911e-12  5.07887649e-01]\n",
      " [-9.21204088e-11  8.62258554e-10 -5.48476938e-09 -2.71940883e-08\n",
      "  -1.10433294e-07  3.69944292e-07 -1.07907663e-06  1.49236379e-06\n",
      "  -7.03932728e-06 -5.13212254e-07  6.77237840e-05 -5.60795399e-08\n",
      "   9.85805417e-04 -3.88478221e-09 -2.00270063e-02  1.91837071e-10\n",
      "  -5.37207117e-01  7.15566911e-12 -8.94349092e+00  2.09436009e-13]\n",
      " [ 1.53188497e-11  1.43386357e-10  9.12069043e-10 -4.52240779e-09\n",
      "   1.83454560e-08  6.23071800e-08  1.60534156e-07  4.53076477e-07\n",
      "   1.88303781e-07 -3.43139989e-06 -3.02664655e-08 -4.10293049e-05\n",
      "  -2.57324221e-09 -7.11532652e-04  1.49120975e-10  1.67089362e-02\n",
      "   6.36393846e-12  5.07887649e-01  2.09436009e-13  9.95188429e+00]]\n",
      "omega_d_values: [50.26548246]\n",
      "drive_amplitudes: [[ 0.        ]\n",
      " [ 1.7423292 ]\n",
      " [ 2.46402558]\n",
      " [ 3.01780269]\n",
      " [ 3.48465839]\n",
      " [ 3.89596652]\n",
      " [ 4.2678175 ]\n",
      " [ 4.60976976]\n",
      " [ 4.92805116]\n",
      " [ 5.22698759]\n",
      " [ 5.5097287 ]\n",
      " [ 5.77865221]\n",
      " [ 6.03560539]\n",
      " [ 6.28205726]\n",
      " [ 6.51919891]\n",
      " [ 6.74801196]\n",
      " [ 6.96931679]\n",
      " [ 7.18380731]\n",
      " [ 7.39207674]\n",
      " [ 7.5946369 ]\n",
      " [ 7.79193305]\n",
      " [ 7.98435543]\n",
      " [ 8.17224832]\n",
      " [ 8.35591729]\n",
      " [ 8.53563499]\n",
      " [ 8.71164599]\n",
      " [ 8.88417057]\n",
      " [ 9.05340808]\n",
      " [ 9.21953951]\n",
      " [ 9.38272987]\n",
      " [ 9.54313004]\n",
      " [ 9.70087841]\n",
      " [ 9.85610232]\n",
      " [10.00891922]\n",
      " [10.15943773]\n",
      " [10.30775854]\n",
      " [10.45397518]\n",
      " [10.59817476]\n",
      " [10.7404385 ]\n",
      " [10.88084235]\n",
      " [11.01945739]\n",
      " [11.15635031]\n",
      " [11.29158374]\n",
      " [11.4252166 ]\n",
      " [11.55730442]\n",
      " [11.68789957]\n",
      " [11.81705155]\n",
      " [11.94480718]\n",
      " [12.07121077]\n",
      " [12.19630438]\n",
      " [12.3201279 ]\n",
      " [12.44271926]\n",
      " [12.56411452]\n",
      " [12.68434802]\n",
      " [12.80345249]\n",
      " [12.92145916]\n",
      " [13.03839782]\n",
      " [13.15429697]\n",
      " [13.26918384]]\n",
      "rep_amps: [ 0.          1.7423292   2.46402558  3.01780269  3.48465839  3.89596652\n",
      "  4.2678175   4.60976976  4.92805116  5.22698759  5.5097287   5.77865221\n",
      "  6.03560539  6.28205726  6.51919891  6.74801196  6.96931679  7.18380731\n",
      "  7.39207674  7.5946369   7.79193305  7.98435543  8.17224832  8.35591729\n",
      "  8.53563499  8.71164599  8.88417057  9.05340808  9.21953951  9.38272987\n",
      "  9.54313004  9.70087841  9.85610232 10.00891922 10.15943773 10.30775854\n",
      " 10.45397518 10.59817476 10.7404385  10.88084235 11.01945739 11.15635031\n",
      " 11.29158374 11.4252166  11.55730442 11.68789957 11.81705155 11.94480718\n",
      " 12.07121077 12.19630438 12.3201279  12.44271926 12.56411452 12.68434802\n",
      " 12.80345249 12.92145916 13.03839782 13.15429697 13.26918384]\n",
      "rep_amp_type: linear_amp\n",
      "state_indices: [0, 1]\n",
      "options: fit_range_fraction: 1.0\n",
      "floquet_sampling_time_fraction: 0.0\n",
      "fit_cutoff: 4\n",
      "overlap_cutoff: 0.8\n",
      "nsteps: 30000\n",
      "num_cpus: 1\n",
      "save_floquet_modes: FalseRunning floquet simulation with parameters: \n",
      "model: H0: Quantum object: dims=[[20], [20]], shape=(20, 20), type='oper', dtype=Dense, isherm=True\n",
      "Qobj data =\n",
      "[[  0.           0.           0.           0.           0.\n",
      "    0.           0.           0.           0.           0.\n",
      "    0.           0.           0.           0.           0.\n",
      "    0.           0.           0.           0.           0.        ]\n",
      " [  0.          30.31898745   0.           0.           0.\n",
      "    0.           0.           0.           0.           0.\n",
      "    0.           0.           0.           0.           0.\n",
      "    0.           0.           0.           0.           0.        ]\n",
      " [  0.           0.          59.2428271    0.           0.\n",
      "    0.           0.           0.           0.           0.\n",
      "    0.           0.           0.           0.           0.\n",
      "    0.           0.           0.           0.           0.        ]\n",
      " [  0.           0.           0.          86.64858666   0.\n",
      "    0.           0.           0.           0.           0.\n",
      "    0.           0.           0.           0.           0.\n",
      "    0.           0.           0.           0.           0.        ]\n",
      " [  0.           0.           0.           0.         112.36812421\n",
      "    0.           0.           0.           0.           0.\n",
      "    0.           0.           0.           0.           0.\n",
      "    0.           0.           0.           0.           0.        ]\n",
      " [  0.           0.           0.           0.           0.\n",
      "  136.14932346   0.           0.           0.           0.\n",
      "    0.           0.           0.           0.           0.\n",
      "    0.           0.           0.           0.           0.        ]\n",
      " [  0.           0.           0.           0.           0.\n",
      "    0.         157.53393329   0.           0.           0.\n",
      "    0.           0.           0.           0.           0.\n",
      "    0.           0.           0.           0.           0.        ]\n",
      " [  0.           0.           0.           0.           0.\n",
      "    0.           0.         175.54000954   0.           0.\n",
      "    0.           0.           0.           0.           0.\n",
      "    0.           0.           0.           0.           0.        ]\n",
      " [  0.           0.           0.           0.           0.\n",
      "    0.           0.           0.         191.00051712   0.\n",
      "    0.           0.           0.           0.           0.\n",
      "    0.           0.           0.           0.           0.        ]\n",
      " [  0.           0.           0.           0.           0.\n",
      "    0.           0.           0.           0.         209.45257847\n",
      "    0.           0.           0.           0.           0.\n",
      "    0.           0.           0.           0.           0.        ]\n",
      " [  0.           0.           0.           0.           0.\n",
      "    0.           0.           0.           0.           0.\n",
      "  232.05359994   0.           0.           0.           0.\n",
      "    0.           0.           0.           0.           0.        ]\n",
      " [  0.           0.           0.           0.           0.\n",
