{
 "cells": [
  {
   "cell_type": "markdown",
   "id": "9a63283cbaf04dbcab1f6479b197f3a8",
   "metadata": {
    "collapsed": false
   },
   "source": [
    "# Parametric pumping below the qubit frequency\n",
    "\n",
    "We can also apply the Floquet analysis to examine parametric driving of the transmon below its resonance frequency, which is not a typical situation for transmon readout."
   ]
  },
  {
   "cell_type": "code",
   "execution_count": 1,
   "id": "68ebc2fd",
   "metadata": {
    "pycharm": {
     "is_executing": true
    }
   },
   "outputs": [],
   "source": [
    "import matplotlib.pyplot as plt\n",
    "import numpy as np\n",
    "import qutip as qt\n",
    "import scqubits as scq\n",
    "from cycler import cycler\n",
    "\n",
    "import floquet as ft\n",
    "\n",
    "\n",
    "color_cycler = cycler(plt.rcParams[\"axes.prop_cycle\"])\n",
    "ls_cycler = cycler(ls=[\"-\", \"--\", \"-.\", \":\"])\n",
    "alpha_cycler = cycler(alpha=[1.0, 0.6, 0.2])\n",
    "color_ls_alpha_cycler = alpha_cycler * ls_cycler * color_cycler"
   ]
  },
  {
   "cell_type": "code",
   "execution_count": 2,
   "id": "fde5cfeb",
   "metadata": {},
   "outputs": [],
   "source": [
    "filepath = ft.generate_file_path(\"h5py\", \"transmon_parametric_floquet\", \"out\")\n",
    "\n",
    "num_states = 20\n",
    "qubit_params = {\"EJ\": 20.0, \"EC\": 0.2, \"ng\": 0.25, \"ncut\": 41}\n",
    "tmon = scq.Transmon(**qubit_params, truncated_dim=num_states)\n",
    "state_indices = [0, 1]\n",
    "\n",
    "\n",
    "# Express operators in eigenbasis of transmon\n",
    "def get_H0_H1(qubit_instance: scq.GenericQubit) -> tuple[qt.Qobj, qt.Qobj]:\n",
    "    hilbert_space = scq.HilbertSpace([qubit_instance])\n",
    "    hilbert_space.generate_lookup()\n",
    "    evals = hilbert_space[\"evals\"][0][0:num_states]\n",
    "    H0 = 2.0 * np.pi * qt.Qobj(np.diag(evals - evals[0]))\n",
    "    H1 = hilbert_space.op_in_dressed_eigenbasis(qubit_instance.n_operator)\n",
    "    return H0, H1\n",
    "\n",
    "\n",
    "H0, H1 = get_H0_H1(tmon)\n",
    "\n",
    "omega_d_values = 2.0 * np.pi * np.linspace(1.5, 2.0, 60)\n",
    "chi_ac_values = 2.0 * np.pi * np.linspace(0.0, 0.8, 59)\n",
    "chi_to_amp = ft.ChiacToAmp(H0, H1, state_indices, omega_d_values)\n",
    "drive_amplitudes = chi_to_amp.amplitudes_for_omega_d(chi_ac_values)\n",
    "\n",
    "model = ft.Model(\n",
    "    H0, H1, omega_d_values=omega_d_values, drive_amplitudes=drive_amplitudes\n",
    ")"
   ]
  },
  {
   "cell_type": "code",
   "execution_count": null,
   "id": "db7b79bc585a40fcaf58bf750017e135",
   "metadata": {
    "collapsed": false,
    "pycharm": {
     "is_executing": true
    }
   },
   "outputs": [
    {
     "name": "stdout",
     "output_type": "stream",
     "text": [
      "Running floquet simulation with parameters: \n",
      "model: H0: Quantum object: dims=[[20], [20]], shape=(20, 20), type='oper', dtype=Dense, isherm=True\n",
      "Qobj data =\n",
      "[[  0.           0.           0.           0.           0.\n",
      "    0.           0.           0.           0.           0.\n",
      "    0.           0.           0.           0.           0.\n",
      "    0.           0.           0.           0.           0.        ]\n",
      " [  0.          34.23724704   0.           0.           0.\n",
      "    0.           0.           0.           0.           0.\n",
      "    0.           0.           0.           0.           0.\n",
      "    0.           0.           0.           0.           0.        ]\n",
      " [  0.           0.          67.09785619   0.           0.\n",
      "    0.           0.           0.           0.           0.\n",
      "    0.           0.           0.           0.           0.\n",
      "    0.           0.           0.           0.           0.        ]\n",
      " [  0.           0.           0.          98.47961089   0.\n",
      "    0.           0.           0.           0.           0.\n",
      "    0.           0.           0.           0.           0.\n",
      "    0.           0.           0.           0.           0.        ]\n",
      " [  0.           0.           0.           0.         128.25003724\n",
      "    0.           0.           0.           0.           0.\n",
      "    0.           0.           0.           0.           0.\n",
      "    0.           0.           0.           0.           0.        ]\n",
      " [  0.           0.           0.           0.           0.\n",
      "  156.22750407   0.           0.           0.           0.\n",
      "    0.           0.           0.           0.           0.\n",
      "    0.           0.           0.           0.           0.        ]\n",
      " [  0.           0.           0.           0.           0.\n",
      "    0.         182.13850375   0.           0.           0.\n",
      "    0.           0.           0.           0.           0.\n",
      "    0.           0.           0.           0.           0.        ]\n",
      " [  0.           0.           0.           0.           0.\n",
      "    0.           0.         205.48208586   0.           0.\n",
      "    0.           0.           0.           0.           0.\n",
      "    0.           0.           0.           0.           0.        ]\n",
      " [  0.           0.           0.           0.           0.\n",
      "    0.           0.           0.         225.20183516   0.\n",
      "    0.           0.           0.           0.           0.\n",
      "    0.           0.           0.           0.           0.        ]\n",
      " [  0.           0.           0.           0.           0.\n",
      "    0.           0.           0.           0.         242.25351923\n",
      "    0.           0.           0.           0.           0.\n",
      "    0.           0.           0.           0.           0.        ]\n",
      " [  0.           0.           0.           0.           0.\n",
      "    0.           0.           0.           0.           0.\n",
      "  262.47586566   0.           0.           0.           0.\n",
      "    0.           0.           0.           0.           0.        ]\n",
      " [  0.           0.           0.           0.           0.\n",
      "    0.           0.           0.           0.           0.\n",
      "    0.         287.04537981   0.           0.           0.\n",
      "    0.           0.           0.           0.           0.        ]\n",
      " [  0.           0.           0.           0.           0.\n",
      "    0.           0.           0.           0.           0.\n",
      "    0.           0.         315.06068744   0.           0.\n",
      "    0.           0.           0.           0.           0.        ]\n",
      " [  0.           0.           0.           0.           0.\n",
      "    0.           0.           0.           0.           0.\n",
      "    0.           0.           0.         346.13087396   0.\n",
      "    0.           0.           0.           0.           0.        ]\n",
      " [  0.           0.           0.           0.           0.\n",
      "    0.           0.           0.           0.           0.\n",
      "    0.           0.           0.           0.         380.07263397\n",
      "    0.           0.           0.           0.           0.        ]\n",
      " [  0.           0.           0.           0.           0.\n",
      "    0.           0.           0.           0.           0.\n",
      "    0.           0.           0.           0.           0.\n",
      "  416.78049749   0.           0.           0.           0.        ]\n",
      " [  0.           0.           0.           0.           0.\n",
      "    0.           0.           0.           0.           0.\n",
      "    0.           0.           0.           0.           0.\n",
      "    0.         456.18745091   0.           0.           0.        ]\n",
      " [  0.           0.           0.           0.           0.\n",
      "    0.           0.           0.           0.           0.\n",
      "    0.           0.           0.           0.           0.\n",
      "    0.           0.         498.24831205   0.           0.        ]\n",
      " [  0.           0.           0.           0.           0.\n",
      "    0.           0.           0.           0.           0.\n",
      "    0.           0.           0.           0.           0.\n",
      "    0.           0.           0.         542.93133281   0.        ]\n",
      " [  0.           0.           0.           0.           0.\n",
      "    0.           0.           0.           0.           0.\n",
      "    0.           0.           0.           0.           0.\n",
      "    0.           0.           0.           0.         590.21349905]]\n",
      "H1: Quantum object: dims=[[20], [20]], shape=(20, 20), type='oper', dtype=CSR, isherm=True\n",
      "Qobj data =\n",
      "[[ 2.50000000e-01  1.30478755e+00 -6.68334662e-09  3.17222270e-02\n",
      "  -1.64984006e-07  1.61075693e-03 -2.07812079e-06 -1.43721227e-04\n",
      "   1.16018937e-05  2.13132384e-05 -7.99948826e-06 -3.18805473e-06\n",
      "   1.04639272e-06 -3.10309538e-07  8.39730634e-08 -2.09701869e-08\n",
      "   4.86970014e-09 -1.05788021e-09 -2.16029041e-10  4.16382826e-11]\n",
      " [ 1.30478755e+00  2.50000010e-01  1.80742562e+00  3.69773627e-07\n",
      "   6.71662233e-02  6.42561273e-06  4.56400223e-03 -5.78531553e-05\n",
      "  -5.27290640e-04  1.36992485e-04  8.80028474e-05 -3.20034041e-05\n",
      "  -1.06211468e-05 -3.14638730e-06 -8.51517057e-07 -2.12644048e-07\n",
      "  -4.93802504e-08 -1.07272291e-08  2.19060059e-09  4.22224930e-10]\n",
      " [-6.68334659e-09  1.80742562e+00  2.49999530e-01  2.16241211e+00\n",
      "  -1.16060998e-05  1.13301038e-01 -1.46189185e-04 -1.01103216e-02\n",
      "   8.16156310e-04  1.49931842e-03 -5.62738565e-04 -2.24269498e-04\n",
      "   7.36104011e-05 -2.18292878e-05  5.90723804e-06 -1.47518587e-06\n",
      "   3.42567922e-07 -7.44185041e-08 -1.51969562e-08  2.92912059e-09]\n",
      " [ 3.17222270e-02  3.69773627e-07  2.16241211e+00  2.50013997e-01\n",
      "   2.43026270e+00  2.43219743e-04  1.72711829e-01 -2.18983477e-03\n",
      "  -1.99586933e-02  5.18538893e-03  3.33104470e-03 -1.21138153e-03\n",
      "  -4.02026972e-04 -1.19095940e-04 -3.22312486e-05 -8.04892737e-06\n",
      "  -1.86911949e-06 -4.06043285e-07  8.29176487e-08  1.59819088e-08]\n",
      " [-1.64984006e-07  6.71662233e-02 -1.16060998e-05  2.43026270e+00\n",
      "   2.49713494e-01  2.63063767e+00 -3.60880279e-03 -2.49425482e-01\n",
      "   2.01476133e-02  3.70104777e-02 -1.38919909e-02 -5.53614116e-03\n",
      "   1.81717950e-03 -5.38860835e-04  1.45828741e-04 -3.64152921e-05\n",
      "   8.45678617e-06 -1.83703736e-06 -3.75158912e-07  7.23059948e-08]\n",
      " [ 1.61075693e-03  6.42561273e-06  1.13301038e-01  2.43219743e-04\n",
      "   2.63063767e+00  2.54226467e-01  2.76628941e+00 -3.80536855e-02\n",
      "  -3.46216593e-01  9.01297038e-02  5.78594502e-02 -2.10585389e-02\n",
      "  -6.98334213e-03 -2.07036036e-03 -5.59867716e-04 -1.39922323e-04\n",
      "  -3.24672394e-05 -7.05864487e-06  1.44030767e-06  2.77829047e-07]\n",
      " [-2.07812079e-06  4.56400223e-03 -1.46189185e-04  1.72711829e-01\n",
      "  -3.60880279e-03  2.76628941e+00  2.04542944e-01 -2.81615764e+00\n",
      "   2.54037460e-01  4.62827007e-01 -1.75725879e-01 -6.94106631e-02\n",
      "   2.29944935e-02 -6.75640428e-03  1.84531749e-03 -4.56586389e-04\n",
      "   1.07012209e-04 -2.30333525e-05 -4.74726253e-06  9.06595313e-07]\n",
      " [-1.43721227e-04 -5.78531553e-05 -1.01103216e-02 -2.18983477e-03\n",
      "  -2.49425482e-01 -3.80536855e-02 -2.81615764e+00  5.93152653e-01\n",
      "   2.65099921e+00 -8.32223252e-01 -4.99643412e-01  1.97279990e-01\n",
      "   6.04956096e-02  1.94033973e-02  4.85022592e-03  1.31135485e-03\n",
      "   2.81269080e-04  6.61537636e-05 -1.24776243e-05 -2.60381949e-06]\n",
      " [ 1.16018937e-05 -5.27290640e-04  8.16156310e-04 -1.99586933e-02\n",
      "   2.01476133e-02 -3.46216593e-01  2.54037460e-01  2.65099921e+00\n",
      "  -1.24102292e+00 -1.92510513e+00  1.22979930e+00  3.17713172e-01\n",
      "  -1.64435461e-01  3.09813813e-02 -1.31996456e-02  2.09369846e-03\n",
      "  -7.65464670e-04  1.05620532e-04  3.39574501e-05 -4.15723586e-06]\n",
      " [ 2.13132384e-05  1.36992485e-04  1.49931842e-03  5.18538893e-03\n",
      "   3.70104777e-02  9.01297038e-02  4.62827007e-01 -8.32223252e-01\n",
      "  -1.92510513e+00  3.46132081e+00  7.31230736e-01 -1.20480871e+00\n",
      "  -9.11245421e-02 -1.20491448e-01 -7.30838786e-03 -8.14434036e-03\n",
      "  -4.23820940e-04 -4.10856790e-04  1.88014925e-05  1.61713689e-05]\n",
      " [-7.99948826e-06  8.80028474e-05 -5.62738565e-04  3.33104470e-03\n",
      "  -1.38919909e-02  5.78594502e-02 -1.75725879e-01 -4.99643412e-01\n",
      "   1.22979930e+00  7.31230736e-01 -4.22952572e+00 -1.39005908e-01\n",
      "   1.11321708e+00 -1.35954307e-02  9.03610644e-02 -9.18790285e-04\n",
      "   5.24047300e-03 -4.63500972e-05 -2.32477263e-04  1.82434498e-06]\n",
      " [-3.18805473e-06 -3.20034041e-05 -2.24269498e-04 -1.21138153e-03\n",
      "  -5.53614116e-03 -2.10585389e-02 -6.94106631e-02  1.97279990e-01\n",
      "   3.17713172e-01 -1.20480871e+00 -1.39005908e-01  5.49963470e+00\n",
      "   1.74766803e-02  1.01917513e+00  1.40181770e-03  6.94093920e-02\n",
      "   8.12928994e-05  3.50159269e-03 -3.60630562e-06 -1.37823087e-04]\n",
      " [ 1.04639272e-06 -1.06211468e-05  7.36104011e-05 -4.02026972e-04\n",
      "   1.81717950e-03 -6.98334213e-03  2.29944935e-02  6.04956096e-02\n",
      "  -1.64435461e-01 -9.11245421e-02  1.11321708e+00  1.74766803e-02\n",
      "  -5.63541764e+00  1.70964555e-03 -9.39091932e-01  1.15539421e-04\n",
      "  -5.47513969e-02  5.82860259e-06  2.42891284e-03 -2.29414446e-07]\n",
      " [-3.10309538e-07 -3.14638730e-06 -2.18292878e-05 -1.19095940e-04\n",
      "  -5.38860835e-04 -2.07036036e-03 -6.75640428e-03  1.94033973e-02\n",
      "   3.09813813e-02 -1.20491448e-01 -1.35954307e-02  1.01917513e+00\n",
      "   1.70964555e-03  6.72125544e+00  1.37132293e-04  8.71266532e-01\n",
      "   7.95244762e-06  4.41238222e-02 -3.52785504e-07 -1.73673366e-03]\n",
      " [ 8.39730634e-08 -8.51517057e-07  5.90723804e-06 -3.22312486e-05\n",
      "   1.45828741e-04 -5.59867716e-04  1.84531749e-03  4.85022592e-03\n",
      "  -1.31996456e-02 -7.30838786e-03  9.03610644e-02  1.40181770e-03\n",
      "  -9.39091932e-01  1.37132293e-04 -6.78035538e+00  9.26752684e-06\n",
      "  -8.13023933e-01  4.67517757e-07  3.61722947e-02 -1.84015509e-08]\n",
      " [-2.09701869e-08 -2.12644048e-07 -1.47518587e-06 -8.04892737e-06\n",
      "  -3.64152921e-05 -1.39922323e-04 -4.56586389e-04  1.31135485e-03\n",
      "   2.09369846e-03 -8.14434036e-03 -9.18790285e-04  6.94093920e-02\n",
      "   1.15539421e-04  8.71266532e-01  9.26752684e-06  7.82306753e+00\n",
      "   5.37433745e-07  7.62372518e-01 -2.38415698e-08 -3.00739904e-02]\n",
      " [ 4.86970014e-09 -4.93802504e-08  3.42567922e-07 -1.86911949e-06\n",
      "   8.45678617e-06 -3.24672394e-05  1.07012209e-04  2.81269080e-04\n",
      "  -7.65464670e-04 -4.23820940e-04  5.24047300e-03  8.12928994e-05\n",
      "  -5.47513969e-02  7.95244762e-06 -8.13023933e-01  5.37433745e-07\n",
      "  -7.85498898e+00  2.71118523e-08  7.17853486e-01 -1.06712552e-09]\n",
      " [-1.05788021e-09 -1.07272291e-08 -7.44185041e-08 -4.06043285e-07\n",
      "  -1.83703736e-06 -7.05864487e-06 -2.30333525e-05  6.61537636e-05\n",
      "   1.05620532e-04 -4.10856790e-04 -4.63500972e-05  3.50159269e-03\n",
      "   5.82860259e-06  4.41238222e-02  4.67517757e-07  7.62372518e-01\n",
      "   2.71118523e-08  8.87945806e+00 -1.20273266e-09 -6.78374395e-01]\n",
      " [-2.16029041e-10  2.19060059e-09 -1.51969562e-08  8.29176487e-08\n",
      "  -3.75158912e-07  1.44030767e-06 -4.74726253e-06 -1.24776243e-05\n",
      "   3.39574501e-05  1.88014925e-05 -2.32477263e-04 -3.60630562e-06\n",
      "   2.42891284e-03 -3.52785504e-07  3.61722947e-02 -2.38415698e-08\n",
      "   7.17853486e-01 -1.20273266e-09 -8.89859690e+00  4.73396912e-11]\n",
      " [ 4.16382826e-11  4.22224930e-10  2.92912059e-09  1.59819088e-08\n",
      "   7.23059948e-08  2.77829047e-07  9.06595313e-07 -2.60381949e-06\n",
      "  -4.15723586e-06  1.61713689e-05  1.82434498e-06 -1.37823087e-04\n",
      "  -2.29414446e-07 -1.73673366e-03 -1.84015509e-08 -3.00739904e-02\n",
      "  -1.06712552e-09 -6.78374395e-01  4.73396912e-11  9.91381802e+00]]\n",
      "omega_d_values: [ 9.42477796  9.47802529  9.53127263  9.58451996  9.63776729  9.69101463\n",
      "  9.74426196  9.79750929  9.85075663  9.90400396  9.95725129 10.01049862\n",
      " 10.06374596 10.11699329 10.17024062 10.22348796 10.27673529 10.32998262\n",
      " 10.38322996 10.43647729 10.48972462 10.54297196 10.59621929 10.64946662\n",
      " 10.70271396 10.75596129 10.80920862 10.86245595 10.91570329 10.96895062\n",
      " 11.02219795 11.07544529 11.12869262 11.18193995 11.23518729 11.28843462\n",
      " 11.34168195 11.39492929 11.44817662 11.50142395 11.55467129 11.60791862\n",
      " 11.66116595 11.71441328 11.76766062 11.82090795 11.87415528 11.92740262\n",
      " 11.98064995 12.03389728 12.08714462 12.14039195 12.19363928 12.24688662\n",
      " 12.30013395 12.35338128 12.40662862 12.45987595 12.51312328 12.56637061]\n",
      "drive_amplitudes: [[  0.           0.           0.         ...   0.           0.\n",
      "    0.        ]\n",
      " [ 15.13133543  15.03167308  14.93304218 ...  10.70986181  10.64962378\n",
      "   10.58983398]\n",
      " [ 21.39893979  21.25799593  21.11851078 ...  15.14603183  15.06084239\n",
      "   14.97628684]\n",
      " ...\n",
      " [113.23254599 112.48674122 111.74865517 ...  80.14526713  79.69448698\n",
      "   79.2470611 ]\n",
      " [114.23907731 113.48664303 112.74199609 ...  80.85768352  80.40289635\n",
      "   79.95149327]\n",
      " [115.23681745 114.47781157 113.72666103 ...  81.56387757  81.10511839\n",
      "   80.64977285]]\n",
      "rep_amps: [  0.          15.13133543  21.39893979  26.20824176  30.26267087\n",
      "  33.83469462  37.06405094  40.03375056  42.79787957  45.3940063\n",
      "  47.84948401  50.18496221  52.41648351  54.55680577  56.616273\n",
      "  58.60341014  60.52534173  62.38809425  64.19681936  65.95596204\n",
      "  67.66938924  69.34048999  70.97225418  72.56733546  74.12810188\n",
      "  75.65667717  77.15497464  78.62472527  80.06750112  81.48473506\n",
      "  82.87773742  84.24771019  85.59575915  86.92290432  88.23008902\n",
      "  89.51818765  90.7880126   92.04032021  93.27581603  94.4951595\n",
      "  95.69896802  96.88782066  98.06226136  99.2228019  100.36992442\n",
      " 101.50408386 102.62571    103.73520937 104.83296703 105.91934803\n",
      " 106.99469893 108.05934903 109.11361154 110.15778473 111.19215282\n",
      " 112.21698695 113.23254599 114.23907731 115.23681745]\n",
      "rep_amp_type: linear_amp\n",
      "state_indices: [0, 1]\n",
      "options: fit_range_fraction: 1.0\n",
      "floquet_sampling_time_fraction: 0.0\n",
      "fit_cutoff: 4\n",
      "overlap_cutoff: 0.8\n",
      "nsteps: 30000\n",
      "num_cpus: 6\n",
      "save_floquet_modes: False\n",
      "calculating for amp_range_idx=0\n"
     ]
    },
    {
     "name": "stderr",
     "output_type": "stream",
     "text": [
      "OptimizeWarning: Covariance of the parameters could not be estimated\n",
      " /Users/harshbabla/Desktop/Yale/0. Research/Github contribution/floquet/floquet/displaced_state.py: 319"
     ]
    },
    {
     "name": "stdout",
     "output_type": "stream",
     "text": [
      "finished in 1.0456498821576437 minutes\n"
     ]
    }
   ],
   "source": [
    "filepath = ft.generate_file_path(\"h5py\", \"transmon_floquet_parametric\", \"out\")\n",
    "floquet_analysis = ft.FloquetAnalysis(\n",
    "    model, state_indices=state_indices, options=ft.Options(num_cpus=6)\n",
    ")\n",
    "result = floquet_analysis.run(filepath=filepath)"
   ]
  },
  {
   "cell_type": "code",
   "execution_count": null,
   "id": "916684f9a58a4a2aa5f864670399430d",
   "metadata": {
    "collapsed": false
   },
   "outputs": [
    {
     "data": {
